"1" "2" "3"
"ACC.plate2_A01" 0.683161484084843 0.255216039147772 0.0616224767673846
"ACC.plate2_A02" 0.0293828588893577 0.951528836428852 0.0190883046817902
"ACC.plate2_A03" 0.595472487919175 0.315019812104192 0.0895076999766333
"ACC.plate2_A04" 0.977984408256938 0 0.0220155917430617
"ACC.plate2_A06" 0.664125644025179 0.291388364541085 0.0444859914337359
"ACC.plate2_A09" 0.311781857458151 0.685418419840292 0.00279972270155703
"ACC.plate2_A12" 0.300156014189224 0.577994603161801 0.121849382648974
"ACC.plate2_B01" 0.198528609793359 0.801471390206641 0
"ACC.plate2_B02" 0.191605750067357 0.769398681244704 0.0389955686879395
"ACC.plate2_B03" 0.467289247292282 0.45325859677639 0.0794521559313282
"ACC.plate2_B04" 0.302759473377469 0.621368067250876 0.0758724593716548
"ACC.plate2_B05" 0.128066092936824 0.856462710140672 0.0154711969225041
"ACC.plate2_B06" 0.315967056081978 0.678393014563963 0.00563992935405851
"ACC.plate2_B08" 0.643192724201705 0.318551202522846 0.0382560732754494
"ACC.plate2_B09" 1 0 0
"ACC.plate2_B10" 0.150493913402274 0.834297423847139 0.0152086627505874
"ACC.plate2_B11" 0.991580049514296 0.00276940608263518 0.00565054440306892
"ACC.plate2_B12" 0.987907809078751 0 0.012092190921249
"ACC.plate2_C01" 0.931273401181369 0 0.0687265988186313
"ACC.plate2_C03" 0.354776068840405 0.545764923290348 0.0994590078692468
"ACC.plate2_C04" 0.774644525987547 0.155665785963026 0.0696896880494272
"ACC.plate2_C05" 0.441381847537607 0.510996991777812 0.0476211606845808
"ACC.plate2_C06" 0.200571597774179 0.775710784844219 0.0237176173816027
"ACC.plate2_C07" 0.889726845963963 0.0913614464499599 0.0189117075860774
"ACC.plate2_C08" 0.970900794583183 0.027810591166791 0.00128861425002601
"ACC.plate2_C11" 0 1 0
"ACC.plate2_C12" 0.822525122542305 0.177474877457695 0
"ACC.plate2_D09" 0.973592322791182 0.0264076772088182 0
"ACC.plate2_D11" 0.524079919405221 0.390673243982916 0.0852468366118629
"ACC.plate2_D12" 0.000439379234396142 0.970232626714914 0.0293279940506904
"ACC.plate2_E02" 0.903054805153897 0.094776782657459 0.0021684121886439
"ACC.plate2_E04" 0.854415931588545 0.116122191731656 0.0294618766797996
"ACC.plate2_E05" 0.531564771473172 0.468435228526828 0
"ACC.plate2_E06" 0.859701961700278 0.135750504490884 0.00454753380883797
"ACC.plate2_E07" 0.0089836906574255 0.991016309342575 0
"ACC.plate2_E09" 0.525364891295632 0.402828907667665 0.0718062010367024
"ACC.plate2_F01" 0.176172819349893 0.818940985322081 0.00488619532802591
"ACC.plate2_F03" 0.791296774468057 0.112628857345285 0.0960743681866585
"ACC.plate2_F04" 0 0.999107904993457 0.000892095006543137
"ACC.plate2_F05" 0.995692349082028 0 0.00430765091797174
"ACC.plate2_F08" 0.633288014701363 0.252764514104756 0.113947471193881
"ACC.plate2_F09" 0 1 0
"ACC.plate2_F10" 0.560383857174621 0.415584771832297 0.0240313709930818
"ACC.plate2_F11" 0.782256761679048 0.215309735849832 0.00243350247111929
"ACC.plate2_F12" 0.452956288612346 0.437364192129728 0.109679519257925
"ACC.plate2_G04" 0.95122036927842 0 0.0487796307215804
"ACC.plate2_G05" 0.815896948883722 0.159862256332048 0.0242407947842301
"ACC.plate2_G06" 0.712380631314661 0.278481039556969 0.0091383291283705
"ACC.plate2_G08" 1 0 0
"ACC.plate2_G09" 0.996850816251983 0 0.0031491837480168
"ACC.plate2_G11" 0.981961370889934 0.00204754323879593 0.0159910858712703
"ACC.plate2_H01" 0.100938334313463 0.863155264143493 0.0359064015430437
"ACC.plate2_H08" 0.614002828749109 0.327277736300875 0.0587194349500156
"ACC.plate2_H12" 0.449283125559973 0.443179224918052 0.107537649521975
"ACC1.P3_A03" 0.367211352557617 0.579467481439606 0.0533211660027776
"ACC1.P3_A04" 0.717536395534611 0.246303943856583 0.0361596606088068
"ACC1.P3_A05" 0.243551536689007 0.732629151152239 0.0238193121587545
"ACC1.P3_A06" 0.328957017226023 0.671042982773977 0
"ACC1.P3_A09" 0.106112582897327 0.892144555939548 0.00174286116312473
"ACC1.P3_A10" 0.960389449644167 0 0.0396105503558326
"ACC1.P3_A11" 0.577469293818093 0.413238150875475 0.00929255530643145
"ACC1.P3_A12" 0.992705101966628 0 0.00729489803337166
"ACC1.P3_B01" 0.350663363464995 0.610769883213116 0.0385667533218886
"ACC1.P3_B02" 0.282826524529557 0.696318805239088 0.0208546702313554
"ACC1.P3_B03" 0.664451122692319 0.310542794064423 0.0250060832432575
"ACC1.P3_B04" 0.785310195241334 0.210817314473929 0.00387249028473701
"ACC1.P3_B06" 0.272310490027382 0.68648327054868 0.0412062394239382
"ACC1.P3_B07" 0.242200936278701 0.754039985624498 0.00375907809680124
"ACC1.P3_B08" 0.952615823286899 0.0270240633015379 0.0203601134115627
"ACC1.P3_B09" 0.869586875964872 0.0773321204116847 0.0530810036234429
"ACC1.P3_B10" 0.16997667986721 0.83002332013279 0
"ACC1.P3_B12" 0.774888387691176 0.200579186141324 0.0245324261675004
"ACC1.P3_C01" 0.621085029431417 0.364150375274533 0.01476459529405
"ACC1.P3_C02" 0.987790804870015 0 0.0122091951299845
"ACC1.P3_C03" 0.424052607195166 0.568965798391816 0.00698159441301799
"ACC1.P3_C04" 0.687259608551852 0.271455688560231 0.0412847028879177
"ACC1.P3_C05" 0.197659733632078 0.80050070012775 0.00183956624017249
"ACC1.P3_C06" 0.802826990530983 0.131218908809291 0.0659541006597265
"ACC1.P3_C07" 0.150110302395957 0.82116056828934 0.028729129314703
"ACC1.P3_C08" 0.64469593413953 0.338970681625951 0.0163333842345182
"ACC1.P3_C09" 0.863522231760134 0.132364975259027 0.00411279298083913
"ACC1.P3_C10" 0 0.983553354025526 0.0164466459744737
"ACC1.P3_C11" 0.849410312798909 0.142555217700059 0.00803446950103274
"ACC1.P3_C12" 0.173120073496835 0.811226048015253 0.0156538784879112
"ACC1.P3_D01" 0.0614504443123129 0.929038061628862 0.00951149405882532
"ACC1.P3_D02" 0 0.993363806282034 0.00663619371796643
"ACC1.P3_D03" 0.554884898820018 0.439364327686431 0.00575077349355128
"ACC1.P3_D04" 0.216980087318101 0.713036994583264 0.0699829180986346
"ACC1.P3_D05" 0.708377954849371 0.258131419361313 0.0334906257893155
"ACC1.P3_D06" 0.652929642959791 0.311168563484447 0.0359017935557612
"ACC1.P3_D07" 0.341171561923478 0.630209693499209 0.028618744577313
"ACC1.P3_D08" 0.498474805729049 0.494387739480952 0.00713745478999932
"ACC1.P3_D09" 0.211170505072792 0.736762859380246 0.0520666355469618
"ACC1.P3_D10" 0.418968447633232 0 0.581031552366768
"ACC1.P3_D11" 0.0686944650940222 0.903523910333092 0.0277816245728861
"ACC1.P3_E01" 0.205294259766572 0.761285808462191 0.0334199317712372
"ACC1.P3_E03" 0.495557116598015 0.460842948752663 0.0435999346493219
"ACC1.P3_E04" 0.766085217142854 0.20972401804928 0.0241907648078661
"ACC1.P3_E05" 0.430367246964356 0.540036155921419 0.029596597114225
"ACC1.P3_E06" 0.1340554704332 0.834332823352558 0.0316117062142425
"ACC1.P3_E07" 0.644903594529924 0.310997014324893 0.0440993911451834
"ACC1.P3_E08" 0.605687755258871 0.392289875679897 0.00202236906123213
"ACC1.P3_E09" 0.828447997003357 0.157326237058698 0.0142257659379448
"ACC1.P3_E10" 0.568666683364233 0.380957582793223 0.0503757338425434
"ACC1.P3_E11" 0.975147726102586 0.0206324109261692 0.00421986297124511
"ACC1.P3_E12" 0.967513901204484 0 0.032486098795516
"ACC1.P3_F01" 0.6239309501955 0.341586216796148 0.0344828330083517
"ACC1.P3_F02" 0.219431876896183 0.749278495291891 0.0312896278119257
"ACC1.P3_F03" 0.987306855436377 0.00447921123651541 0.00821393332710744
"ACC1.P3_F05" 0.850682246992485 0.123275392616086 0.0260423603914288
"ACC1.P3_F06" 0.263733036469105 0.721777909490743 0.0144890540401521
"ACC1.P3_F07" 0.0651507244689209 0.922391497889235 0.0124577776418441
"ACC1.P3_F08" 0.497400047838172 0.498316701377449 0.00428325078437899
"ACC1.P3_F10" 0.567999701943753 0.409075032057723 0.0229252659985242
"ACC1.P3_F11" 0 0 1
"ACC1.P3_G01" 0.832898709622565 0.167101290377435 0
"ACC1.P3_G02" 0.162505181277063 0.668245949375327 0.16924886934761
"ACC1.P3_G03" 0.0454394045432136 0.941966075915584 0.0125945195412021
"ACC1.P3_G04" 0.371889287118016 0.576657615923668 0.0514530969583168
"ACC1.P3_G05" 0.471602061944823 0.479950425968526 0.0484475120866511
"ACC1.P3_G09" 0.803382939452386 0.17134240232643 0.0252746582211835
"ACC1.P3_G10" 0.245105899198028 0.752051682515886 0.00284241828608591
"ACC1.P3_G11" 0.597486156789491 0.397254320815285 0.00525952239522336
"ACC1.P3_H01" 0.235409166008948 0.762017710891539 0.00257312309951295
"ACC1.P3_H02" 0.37947413384633 0.566712930812049 0.0538129353416205
"ACC1.P3_H03" 0.993076097442764 0.00357929496610633 0.00334460759112938
"ACC1.P3_H04" 0 1 0
"ACC1.P3_H06" 0.643309958121532 0.342832463807952 0.0138575780705155
"ACC1.P3_H07" 1 0 0
"ACC1.P3_H08" 0 0.980537309200284 0.0194626907997157
"ACC1.P3_H09" 0.99642029921901 0 0.00357970078098966
"ACC1.P3_H10" 0.605239903509972 0.347873675770312 0.0468864207197162
"ACC1.P3_H11" 0.211788928613091 0.751248258512147 0.0369628128747622
"ACC1.P3_H12" 0.885489691201664 0.0849095935221271 0.0296007152762086
